DNNOsMuonHLTJpsiMu_test241
25
0 0.483 0.623856 0.00439816
0.483 0.54 0.502257 0.00452915
0.54 0.571 0.469928 0.00445159
0.571 0.595 0.45069 0.00441776
0.595 0.616 0.417072 0.00436949
0.616 0.634 0.395071 0.00440903
0.634 0.65 0.387302 0.0043753
0.65 0.664 0.35969 0.00426742
0.664 0.677 0.343263 0.00425456
0.677 0.691 0.330126 0.00417616
0.691 0.705 0.313207 0.00406762
0.705 0.719 0.306792 0.00406062
0.719 0.733 0.284788 0.00398815
0.733 0.747 0.279389 0.00397219
0.747 0.761 0.254537 0.00394714
0.761 0.775 0.239216 0.00385598
0.775 0.79 0.231786 0.00372089
0.79 0.806 0.215864 0.00362278
0.806 0.822 0.198358 0.00355982
0.822 0.838 0.184947 0.00344141
0.838 0.853 0.167099 0.00335835
0.853 0.868 0.150253 0.0032263
0.868 0.887 0.136642 0.00310314
0.887 0.927 0.112292 0.00285423
0.927 1 0.059109 0.00495303
